15.277777777777779,480.8888888888889,13,479,18,484,0.8543535470962524
15.210526315789474,493.36842105263156,13,491,18,496,0.9356212019920349
15.38888888888889,467.72222222222223,14,465,18,471,0.8676035404205322
17.36842105263158,423.7894736842105,15,422,20,427,0.9031277894973755
16.285714285714285,505.5,15,504,19,508,0.8348269462585449
17.285714285714285,394.5,16,393,20,397,0.7853720784187317
19.04,225.4,17,223,22,229,0.9521673321723938
19.19047619047619,237.95238095238096,17,236,22,241,0.9312676191329956
18.615384615384617,250.6153846153846,17,249,21,253,0.6740091443061829
19.0,269.5,17,267,22,273,0.9458979964256287
19.0,320.0,17,318,22,323,0.9013723731040955
19.75,126.95,18,125,23,130,0.48480361700057983
20.782608695652176,139.1304347826087,18,137,24,142,0.8561000227928162
19.63157894736842,212.78947368421052,18,211,23,216,0.8850600123405457
20.130434782608695,282.60869565217394,18,280,23,286,0.9324623942375183
19.75,294.25,18,292,23,297,0.9281156659126282
20.11111111111111,308.27777777777777,18,306,23,311,0.8637518882751465
19.0,336.8,18,335,21,339,0.5843528509140015
19.529411764705884,347.3529411764706,18,345,22,350,0.7027514576911926
19.0,406.5,18,404,21,410,0.7716881632804871
21.818181818181817,81.81818181818181,19,79,26,86,0.9493888020515442
20.5,180.0,19,178,23,183,0.7062357068061829
20.266666666666666,258.6666666666667,19,257,23,262,0.7573239803314209
21.11111111111111,70.66666666666667,20,69,23,73,0.6052147150039673
21.615384615384617,96.61538461538461,20,95,24,99,0.6916301250457764
22.15,113.85,20,111,25,117,0.7584932446479797
21.75,165.25,20,163,25,168,0.8783965706825256
21.071428571428573,194.14285714285714,20,192,23,197,0.7063940763473511
22.0,152.0,21,151,24,154,0.6609817743301392
23.125,27.125,22,26,25,29,0.41999712586402893
39.04761904761905,483.3809523809524,37,481,42,487,0.7951614856719971
39.6,441.06666666666666,38,439,42,444,0.7224355936050415
39.5,455.0,38,453,42,458,0.7961741089820862
39.421052631578945,467.57894736842104,38,465,42,471,0.6347167491912842
39.833333333333336,496.0,38,494,42,499,0.8405256271362305
39.0,506.2,38,505,41,509,0.7316069602966309
40.642857142857146,365.2142857142857,39,363,43,368,0.7966828942298889
40.69230769230769,408.0769230769231,39,406,43,411,0.43196001648902893
42.1578947368421,336.1578947368421,40,334,45,339,0.8506027460098267
41.46666666666667,356.3333333333333,40,354,44,359,0.47349241375923157
41.0,382.8125,40,380,43,386,0.697018027305603
41.0,393.5,40,392,43,396,0.7432672381401062
42.8421052631579,194.8421052631579,41,193,46,198,0.9062243700027466
42.18181818181818,209.8181818181818,41,208,45,212,0.39833196997642517
42.81818181818182,280.27272727272725,41,278,46,284,0.9020612835884094
42.724137931034484,295.51724137931035,41,292,45,301,0.6202499866485596
42.75,311.7,41,309,45,315,0.8741613626480103
41.888888888888886,344.3333333333333,41,343,44,347,0.664816677570343
45.06976744186046,82.53488372093024,42,79,49,87,0.9033793210983276
43.96923076923077,173.16923076923078,42,165,47,183,0.2826252281665802
43.0,220.0,42,218,45,223,0.6519030928611755
43.357142857142854,238.21428571428572,42,236,46,241,0.8634375333786011
43.0,251.69230769230768,42,250,45,255,0.8231920599937439
43.5,266.0,42,264,46,269,0.7850017547607422
43.0,323.8,42,322,45,326,0.6923141479492188
45.80555555555556,61.44444444444444,43,58,49,66,0.5826714038848877
46.0,44.0,44,42,49,47,0.8307056427001953
45.38461538461539,110.38461538461539,44,109,48,113,0.49574074149131775
45.5,124.22222222222223,44,122,48,127,0.8494026064872742
46.19047619047619,138.85714285714286,44,137,49,142,0.8728696703910828
45.916666666666664,151.91666666666666,44,149,49,156,0.9141458868980408
62.0,438.6470588235294,60,437,65,442,0.7806042432785034
62.1578947368421,452.8421052631579,60,451,65,456,0.8508042693138123
62.5,467.0,60,465,66,470,0.6698470115661621
62.09090909090909,480.90909090909093,60,479,65,484,0.9689198136329651
61.5,494.77777777777777,60,493,64,498,0.8951071500778198
62.92,398.56,61,396,66,402,0.7816184759140015
62.588235294117645,414.11764705882354,61,412,65,417,0.7045992016792297
62.5,426.0,61,424,65,429,0.6660282611846924
64.11764705882354,337.5882352941176,62,336,67,340,0.7945733070373535
64.14285714285714,351.1904761904762,62,349,67,354,0.9416171312332153
63.333333333333336,365.85714285714283,62,363,66,370,0.818870484828949
63.52173913043478,381.8695652173913,62,379,66,386,0.7908939123153687
65.08695652173913,253.2173913043478,63,251,68,257,0.9384146928787231
65.18181818181819,267.90909090909093,63,265,68,271,0.9022358655929565
65.6,224.6,64,223,68,227,0.8218801021575928
65.7,237.9,64,236,69,241,0.8937999606132507
65.41176470588235,282.88235294117646,64,281,68,286,0.8109462857246399
65.45,294.95,64,292,68,298,0.8430048823356628
65.38888888888889,307.72222222222223,64,305,68,311,0.8903197050094604
64.88888888888889,314.3333333333333,64,313,67,317,0.6332120299339294
65.0,323.5,64,322,67,326,0.7529528141021729
68.93103448275862,21.189655172413794,65,17,73,27,0.46488022804260254
67.0909090909091,136.9090909090909,65,135,70,140,0.7691311836242676
67.22222222222223,172.5,65,171,70,175,0.6943529844284058
68.06896551724138,79.37931034482759,66,76,71,84,0.47989150881767273
67.8695652173913,99.21739130434783,66,97,71,103,0.814978837966919
67.3125,123.1875,66,121,70,126,0.8292033672332764
68.21428571428571,146.92857142857142,66,144,72,150,0.8459136486053467
66.88888888888889,214.33333333333334,66,213,69,217,0.6156250238418579
67.8,157.5,67,156,70,160,0.6029258370399475
68.0,189.5,67,187,70,193,0.39532577991485596
69.7,37.7,68,36,72,40,0.4085158705711365
84.4,481.65,82,479,87,485,0.8308685421943665
85.04,436.2,83,433,88,440,0.743633508682251
85.15789473684211,452.1578947368421,83,450,88,455,0.9069679975509644
85.13333333333334,467.53333333333336,83,466,88,470,0.8344157338142395
83.88888888888889,495.6666666666667,83,494,86,498,0.5359553098678589
86.18181818181819,379.90909090909093,84,377,89,383,0.9077132344245911
86.05,396.9,84,395,89,400,0.9072469472885132
85.56896551724138,417.01724137931035,84,408,88,427,0.335946261882782
89.14634146341463,214.26829268292684,86,211,93,218,0.920630693435669
87.77777777777777,256.2962962962963,86,253,91,260,0.8326749801635742
88.36842105263158,269.2105263157895,86,267,91,272,0.929234504699707
88.04761904761905,281.76190476190476,86,279,91,285,0.9642926454544067
88.15,294.7,86,292,91,298,0.8667764067649841
87.61904761904762,323.5238095238095,86,321,91,327,0.8915585875511169
87.0,337.5,86,336,89,340,0.7462123036384583
87.22727272727273,349.1818181818182,86,346,90,353,0.785803496837616
87.27272727272727,367.8636363636364,86,365,90,372,0.6706621646881104
89.56521739130434,194.91304347826087,87,193,93,198,0.7369246482849121
88.57142857142857,228.38095238095238,87,226,91,232,0.8495617508888245
88.58823529411765,308.88235294117646,87,307,91,312,0.8536555767059326
90.46875,90.8125,88,88,94,95,0.5168669819831848
89.875,138.79166666666666,88,136,93,143,0.4949162006378174
89.5,242.0,88,240,92,245,0.8025387525558472
91.11111111111111,52.666666666666664,90,51,93,55,0.5447404384613037
91.0,179.5,90,177,93,183,0.4366942346096039
92.26666666666667,152.33333333333334,91,150,95,155,0.5926432609558105
108.4,393.28,106,391,112,397,0.8483657240867615
108.19047619047619,409.14285714285717,106,407,111,412,0.8617584109306335
108.25,480.75,106,479,111,484,0.8830265402793884
108.0,493.0,106,491,111,496,0.9555658102035522
109.78260869565217,308.9130434782609,107,307,113,312,0.9393476247787476
109.0,340.0,107,338,112,343,0.8802504539489746
109.15789473684211,366.8421052631579,107,365,112,370,0.8143014311790466
108.5,380.22222222222223,107,378,111,383,0.8537785410881042
108.83333333333333,425.0,107,423,111,428,0.6893193125724792
108.42105263157895,437.57894736842104,107,435,111,441,0.7079665660858154
108.63157894736842,452.2631578947368,107,450,112,455,0.8218819499015808
108.26666666666667,459.6666666666667,107,458,111,463,0.7201231718063354
108.61538461538461,466.61538461538464,107,465,111,469,0.7178459167480469
110.59375,297.4375,108,294,114,301,0.7596749663352966
109.66666666666667,322.0,108,320,112,325,0.8819301128387451
110.0,352.5,108,350,113,356,0.8539625406265259
111.0,225.0,109,223,114,228,0.6736804246902466
111.16666666666667,262.3333333333333,109,258,114,268,0.486926794052124
110.65,280.7,109,275,113,287,0.652655303478241
110.5,330.2857142857143,109,329,113,333,0.7350009679794312
112.0,195.29166666666666,110,193,115,199,0.8613054752349854
112.5,208.27272727272728,110,206,116,211,0.945052981376648
111.5,238.22222222222223,110,236,114,241,0.8231013417243958
111.35714285714286,251.42857142857142,110,249,114,254,0.5127657055854797
113.25,182.25,111,180,116,185,0.9074413776397705
114.78666666666666,60.6,112,54,119,68,0.19329723715782166
114.58823529411765,102.67647058823529,112,100,118,107,0.9140934944152832
114.11111111111111,113.27777777777777,112,111,117,116,0.8694971203804016
113.78947368421052,152.0,112,150,117,155,0.9139715433120728
113.82608695652173,167.0,112,165,117,170,0.9344624876976013
115.0,13.409090909090908,113,11,118,17,0.43422260880470276
114.41176470588235,125.88235294117646,113,124,117,129,0.8339914083480835
114.125,139.875,113,139,116,142,0.5626023411750793
115.51515151515152,30.12121212121212,114,26,118,35,0.45791786909103394
116.125,78.33333333333333,114,76,119,82,0.9036476016044617
130.13333333333333,455.0,128,453,133,458,0.7971030473709106
130.94736842105263,423.7894736842105,129,422,134,427,0.6124483346939087
131.27272727272728,468.95454545454544,129,467,134,472,0.9263247847557068
132.26315789473685,325.36842105263156,130,323,135,328,0.7784144282341003
132.0,380.2916666666667,130,378,135,384,0.9361642599105835
132.27272727272728,393.04545454545456,130,391,135,396,0.9296152591705322
132.0,434.95,130,432,135,438,0.8643920421600342
131.5,483.0,130,481,134,486,0.8633006811141968
131.0,495.0,130,494,133,497,0.6807425022125244
132.72222222222223,339.1111111111111,131,337,136,342,0.7700350284576416
133.23809523809524,352.6190476190476,131,350,136,356,0.9111034870147705
133.0,366.5,131,364,136,370,0.9472086429595947
132.71428571428572,408.5,131,407,135,411,0.62060546875
133.61111111111111,238.72222222222223,132,236,136,242,0.7698856592178345
133.66666666666666,271.75,132,270,136,274,0.4906444251537323
133.5,284.0,132,282,136,287,0.7766116857528687
133.6818181818182,296.6363636363636,132,294,137,300,0.9340358376502991
133.5,311.22222222222223,132,309,136,314,0.8820011019706726
134.0,249.0,133,248,136,251,0.6045632362365723
134.6,257.93333333333334,133,256,137,261,0.5982706546783447
136.21052631578948,87.05263157894737,134,85,139,90,0.7301149368286133
136.0,205.86363636363637,134,203,139,209,0.8423560857772827
135.5,226.5,134,225,138,229,0.6924796104431152
138.06024096385542,36.40963855421687,135,30,143,45,0.6499612331390381
136.6875,50.1875,135,48,139,53,0.7539100050926208
136.83333333333334,105.5,135,103,140,109,0.7879241108894348
136.5,122.22222222222223,135,120,139,125,0.8852335214614868
136.47826086956522,136.8695652173913,135,134,139,141,0.77318274974823
137.6,157.28,135,155,141,161,0.8791322708129883
136.58823529411765,179.88235294117646,135,178,139,183,0.8351558446884155
136.5,193.22222222222223,135,191,139,196,0.8785226941108704
137.5,63.0,136,60,140,67,0.7309037446975708
137.41176470588235,75.88235294117646,136,74,140,79,0.8253344297409058
136.92857142857142,167.85714285714286,136,166,139,171,0.6907048225402832
153.51020408163265,420.53061224489795,150,417,157,426,0.5309021472930908
155.40740740740742,284.74074074074076,153,282,159,288,0.9005758166313171
155.0,393.8636363636364,153,391,158,397,0.8199852108955383
154.84615384615384,440.46153846153845,153,439,157,443,0.6292756199836731
154.78571428571428,452.07142857142856,153,450,157,455,0.7942076325416565
154.55555555555554,466.5,153,464,157,470,0.864852786064148
155.0909090909091,482.09090909090907,153,480,158,485,0.9213828444480896
154.88888888888889,494.44444444444446,153,492,158,497,0.8966713547706604
154.45454545454547,506.3636363636364,153,505,157,509,0.6888735294342041
156.1904761904762,309.14285714285717,154,307,159,312,0.8955780267715454
156.0,339.0,154,337,159,342,0.9500179886817932
156.23809523809524,367.3809523809524,154,365,159,371,0.9036157131195068
156.0,381.0,154,379,159,384,0.9033266305923462
155.31578947368422,408.8421052631579,154,406,158,412,0.6534334421157837
157.0,258.3529411764706,155,256,160,261,0.832505464553833
156.8181818181818,297.72727272727275,155,295,160,301,0.8885424137115479
156.9090909090909,323.90909090909093,155,322,160,327,0.9407699704170227
156.41176470588235,353.88235294117646,155,352,159,357,0.7917191982269287
158.31034482758622,212.93103448275863,156,210,162,217,0.9341459274291992
158.25,225.25,156,223,161,228,0.9418879747390747
157.9,237.05,156,235,161,240,0.8719478845596313
159.75757575757575,121.54545454545455,157,119,164,125,0.853646993637085
159.125,169.66666666666666,157,167,162,173,0.9107953906059265
159.0,180.61904761904762,157,178,162,184,0.5918271541595459
157.88888888888889,250.33333333333334,157,249,160,253,0.5921302437782288
159.57894736842104,13.894736842105264,158,12,162,17,0.5430680513381958
160.3684210526316,27.0,158,25,163,30,0.8042929768562317
160.5625,42.34375,158,39,164,46,0.5516421794891357
159.66666666666666,54.0,158,52,162,57,0.8231955766677856
159.58333333333334,154.75,158,153,162,157,0.5822967886924744
159.44736842105263,195.76315789473685,158,191,162,202,0.6018571853637695
160.5,65.5,159,64,163,68,0.5078110098838806
161.16,80.52,159,78,164,85,0.7358020544052124
161.76190476190476,96.19047619047619,160,94,165,100,0.751356303691864
178.3684210526316,439.2105263157895,176,437,181,442,0.9055701494216919
178.25,452.25,176,450,181,455,0.9287508726119995
178.21052631578948,467.0,176,465,181,470,0.8538009524345398
177.71428571428572,493.5,176,492,180,496,0.8385223746299744
179.13636363636363,322.6818181818182,177,320,182,326,0.7805513739585876
179.25,337.25,177,335,182,340,0.8981795310974121
179.0,368.5,177,367,182,371,0.7258347272872925
178.7826086956522,397.82608695652175,177,394,181,402,0.5455451011657715
179.04761904761904,412.6190476190476,177,410,182,416,0.7950754165649414
179.3846153846154,282.38461538461536,178,281,182,285,0.6222720146179199
179.76190476190476,296.6190476190476,178,294,183,300,0.9281826019287109
179.5,309.5,178,308,182,312,0.8337652087211609
179.5,353.0,178,350,182,357,0.8278115391731262
178.91666666666666,380.1666666666667,178,378,181,383,0.7107532024383545
179.15384615384616,425.46153846153845,178,424,182,428,0.7039247751235962
180.5,218.5,179,216,183,222,0.4427453577518463
181.4090909090909,242.38636363636363,179,232,185,255,0.2974969148635864
180.07142857142858,269.14285714285717,179,267,182,272,0.7234046459197998
182.70212765957447,176.72340425531914,180,172,186,183,0.3569474220275879
181.8095238095238,194.14285714285714,180,192,185,197,0.8913291692733765
181.73333333333332,206.66666666666666,180,205,184,210,0.7539198398590088
182.6818181818182,30.772727272727273,181,28,185,35,0.45625776052474976
182.66666666666666,44.0,181,42,185,47,0.8818405866622925
182.6153846153846,69.61538461538461,181,68,185,72,0.7559053897857666
182.88888888888889,81.27777777777777,181,79,186,84,0.8596615791320801
182.78947368421052,147.6315789473684,181,146,186,151,0.7399512529373169
183.46666666666667,56.13333333333333,182,54,186,59,0.799296498298645
183.75,111.25,182,109,187,114,0.9221189022064209
183.6153846153846,123.61538461538461,182,122,186,126,0.6981940269470215
183.5,138.0,182,136,186,141,0.8285810947418213
184.44444444444446,96.88888888888889,183,95,187,99,0.4852851927280426
185.25,15.583333333333334,184,14,188,18,0.5386495590209961
207.2375,84.9625,199,80,215,90,0.37361574172973633
201.45454545454547,335.8636363636364,199,334,205,339,0.9138243198394775
201.66666666666666,354.5,199,352,205,358,0.8963330984115601
201.0,481.0,199,479,204,484,0.9558508396148682
202.23809523809524,321.3809523809524,200,319,205,325,0.8900765776634216
202.3,366.6,200,364,205,370,0.8083720207214355
201.73333333333332,383.6666666666667,200,382,204,387,0.771736741065979
201.63636363636363,393.5,200,391,204,397,0.5799291133880615
202.0,425.6666666666667,200,424,205,428,0.9068382382392883
202.0,438.0,200,436,205,441,0.9092174172401428
201.94736842105263,451.1578947368421,200,449,205,454,0.8532922863960266
201.7,466.0,200,463,204,470,0.7454107999801636
201.72222222222223,494.8888888888889,200,493,205,498,0.9382165670394897
201.5,510.6666666666667,200,510,204,512,0.46554046869277954
205.11304347826086,47.11304347826087,201,38,210,57,0.5052440166473389
205.3673469387755,75.3061224489796,201,72,210,80,0.730374276638031
203.0,309.0,201,307,206,312,0.8543908596038818
202.8421052631579,412.8421052631579,201,411,206,416,0.7895426750183105
204.3,235.1,202,233,207,238,0.8805959224700928
203.76190476190476,249.38095238095238,202,247,207,253,0.8855564594268799
203.6086956521739,274.5217391304348,202,272,207,278,0.7799438238143921
203.47169811320754,290.64150943396226,202,283,206,299,0.463509202003479
205.21052631578948,168.0,203,166,208,171,0.8222862482070923
204.8048780487805,192.1951219512195,203,187,208,198,0.6830761432647705
205.0,210.5,203,208,208,214,0.8741611838340759
204.11111111111111,222.66666666666666,203,221,206,225,0.45483192801475525
204.0,262.5,203,260,206,266,0.4468972086906433
206.125,114.33333333333333,204,112,209,118,0.9023945331573486
205.0,126.0,204,125,207,128,0.6856215000152588
205.5,137.71428571428572,204,136,208,140,0.6628443598747253
206.31578947368422,150.8421052631579,205,148,209,154,0.7398815751075745
206.2,180.5,205,179,208,183,0.6845307350158691
207.5,24.2,206,23,210,26,0.7364300489425659
208.36363636363637,13.090909090909092,207,12,211,15,0.6287510395050049
225.3913043478261,354.2608695652174,223,352,228,358,0.8404366970062256
224.84615384615384,366.53846153846155,223,365,227,369,0.7423168420791626
225.0909090909091,423.09090909090907,223,421,228,426,0.9609369039535522
225.0,436.0,223,434,228,439,0.9134415984153748
224.58823529411765,464.11764705882354,223,462,227,467,0.8877488374710083
225.3,504.9,223,503,228,508,0.9192071557044983
226.50980392156862,247.19607843137254,224,242,230,254,0.46081092953681946
225.42105263157896,308.57894736842104,224,306,228,312,0.7400389909744263
225.44444444444446,321.5,224,319,228,325,0.7958844304084778
225.6,337.25,224,335,228,341,0.9140585660934448
225.5,380.22222222222223,224,378,228,383,0.8688167929649353
226.0,394.0,224,392,229,397,0.881567120552063
225.5,410.5,224,408,228,414,0.8173703551292419
225.26666666666668,449.3333333333333,224,447,228,452,0.7127078175544739
225.0,478.5,224,477,227,481,0.5548801422119141
225.5,491.5,224,490,228,494,0.8253535628318787
226.72972972972974,281.94594594594594,225,277,230,287,0.6783076524734497
226.0,300.2857142857143,225,299,228,302,0.4516947567462921
228.5,157.08333333333334,226,155,232,160,0.8170886039733887
228.4,208.35,226,206,231,212,0.9008915424346924
228.13333333333333,222.22222222222223,226,215,231,229,0.3389819860458374
227.5,263.7142857142857,226,262,230,266,0.6434506773948669
228.95833333333334,51.166666666666664,227,49,232,55,0.6634467840194702
230.7173913043478,69.04347826086956,227,65,235,73,0.7250866293907166
229.2,93.8,227,92,232,97,0.4604557454586029
228.61111111111111,142.27777777777777,227,140,231,146,0.778923749923706
228.6,167.93333333333334,227,166,231,171,0.6293631792068481
228.07142857142858,180.14285714285714,227,178,230,183,0.5719887018203735
228.76923076923077,196.15384615384616,227,194,231,199,0.524669885635376
229.57894736842104,41.26315789473684,228,39,232,45,0.47926533222198486
229.71428571428572,108.5,228,107,232,111,0.7754284143447876
229.4,123.6,228,122,232,126,0.8398951292037964
230.0,26.692307692307693,229,25,232,30,0.5831984281539917
247.54166666666666,456.625,246,454,251,460,0.6808779239654541
249.25,337.25,247,335,252,340,0.938567578792572
249.08,365.72,247,363,252,369,0.8800196647644043
249.61904761904762,379.76190476190476,247,378,253,383,0.9103467464447021
249.28571428571428,392.6190476190476,247,390,252,396,0.920630693435669
249.22727272727272,406.72727272727275,247,404,252,410,0.9461719393730164
247.9090909090909,422.3636363636364,247,421,250,425,0.40203213691711426
248.66666666666666,432.5,247,430,251,436,0.7380657196044922
250.27777777777777,238.88888888888889,248,237,253,242,0.8382118344306946
249.7058823529412,264.11764705882354,248,262,252,267,0.7970845699310303
249.98181818181817,304.5272727272727,248,296,253,314,0.27846843004226685
249.7,325.1,248,323,253,328,0.9299329519271851
249.0,495.7142857142857,248,495,251,498,0.5291882157325745
251.15555555555557,209.73333333333332,249,204,254,217,0.4705207347869873
250.76923076923077,274.38461538461536,249,273,253,277,0.5045994520187378
250.42857142857142,285.3809523809524,249,283,253,289,0.6163525581359863
249.8,468.5,249,467,252,471,0.6520800590515137
252.05,145.1,250,143,255,148,0.8331403732299805
253.0,164.24137931034483,250,162,257,168,0.6555343866348267
253.46846846846847,183.03603603603602,250,176,260,194,0.4219524562358856
251.45,250.25,250,248,254,254,0.8290554881095886
253.0,69.11111111111111,251,65,256,74,0.38519641757011414
252.0,122.0,251,121,254,124,0.7016384601593018
252.0,132.0,251,131,254,134,0.7008607387542725
252.69230769230768,154.53846153846155,251,153,256,157,0.5173712968826294
253.0,53.8,252,52,255,56,0.6868497133255005
253.64285714285714,80.78571428571429,252,79,256,84,0.6208639144897461
253.0,227.5,252,226,255,230,0.6462318897247314
256.025,19.725,254,16,259,25,0.464950829744339
273.1025641025641,336.61538461538464,271,332,276,343,0.49501124024391174
273.0,418.0,271,416,276,421,0.9311033487319946
273.09090909090907,432.09090909090907,271,430,276,435,0.9538919925689697
273.2142857142857,503.35714285714283,271,502,276,506,0.7070868015289307
274.8421052631579,116.42105263157895,272,113,279,120,0.3573840260505676
273.9,274.05,272,272,277,277,0.9054861068725586
273.97058823529414,290.2647058823529,272,285,277,296,0.7152456641197205
273.61538461538464,304.61538461538464,272,303,276,307,0.756492555141449
273.5,364.22222222222223,272,362,276,367,0.7524769306182861
273.9,377.05,272,375,277,380,0.9276565313339233
273.38461538461536,391.61538461538464,272,390,276,394,0.7402629852294922
274.0,405.3529411764706,272,403,277,408,0.8153349161148071
275.2173913043478,132.6086956521739,273,130,278,136,0.7685384154319763
275.1904761904762,231.04761904761904,273,229,278,234,0.9194366931915283
274.48148148148147,317.6296296296296,273,314,277,322,0.6988391280174255
277.2105263157895,72.15789473684211,274,69,281,76,0.937597393989563
276.0,146.35294117647058,274,144,279,149,0.8727268576622009
275.8636363636364,158.6818181818182,274,156,279,162,0.9333267211914062
275.7142857142857,169.5,274,168,278,172,0.7828267812728882
275.2857142857143,179.5,274,178,278,182,0.6828356981277466
275.3157894736842,260.8421052631579,274,258,278,264,0.8166142106056213
277.35555555555555,100.46666666666667,275,96,281,106,0.6847779154777527
277.0,189.5,275,187,280,193,0.8083380460739136
276.61538461538464,203.3846153846154,275,202,279,206,0.7886351346969604
276.0,214.68,275,211,278,220,0.3816491663455963
276.0,245.0,275,244,278,247,0.739035964012146
278.51851851851853,48.22222222222222,276,46,282,52,0.8991607427597046
278.77777777777777,19.555555555555557,277,17,282,23,0.8385478258132935
279.125,35.333333333333336,277,33,282,39,0.9203981757164001
279.0,61.5,277,60,282,64,0.8537479639053345
279.5,85.8,278,85,282,88,0.4937712252140045
297.2,289.7,295,287,300,293,0.8532310724258423
297.25,304.25,295,302,300,307,0.8912948966026306
297.1578947368421,317.8421052631579,295,316,300,321,0.8323544263839722
296.44,328.88,295,326,299,333,0.4216863214969635
297.1578947368421,347.8421052631579,295,346,300,351,0.8285350799560547
296.73333333333335,361.3333333333333,295,359,299,364,0.6823756694793701
296.75,373.6666666666667,295,372,299,376,0.5374358892440796
296.61538461538464,415.38461538461536,295,414,299,418,0.5718767642974854
296.6,429.93333333333334,295,428,299,433,0.6506434679031372
297.0,442.6470588235294,295,441,300,446,0.8326677083969116
297.0,456.5,295,454,300,460,0.8145834803581238
297.625,502.5,295,500,301,506,0.9076023101806641
297.5,275.22222222222223,296,273,300,278,0.8426532745361328
297.26666666666665,402.93333333333334,296,401,300,406,0.7878513932228088
297.0,469.8,296,468,299,472,0.4458169937133789
297.7894736842105,488.63157894736844,296,487,301,492,0.9091218709945679
299.05263157894734,218.1578947368421,297,216,302,221,0.7616609930992126
297.94117647058823,261.3529411764706,297,259,300,265,0.7630302906036377
300.55102040816325,90.14285714285714,298,84,304,96,0.43807318806648254
299.8421052631579,120.15789473684211,298,118,303,123,0.894065260887146
299.5,133.0,298,131,302,136,0.6618467569351196
299.9,147.45,298,145,303,150,0.848884642124176
300.0,160.35294117647058,298,158,303,163,0.8055330514907837
300.0,173.0,298,171,303,176,0.8523818850517273
299.6470588235294,187.41176470588235,298,185,302,191,0.8135926723480225
300.5,204.28125,298,201,304,208,0.7494252920150757
298.92857142857144,232.14285714285714,298,230,301,235,0.6584622263908386
299.1818181818182,250.8181818181818,298,249,302,253,0.6529344320297241
301.56756756756755,103.0,299,99,305,108,0.6492609977722168
301.88235294117646,70.41176470588235,300,69,305,73,0.48554012179374695
303.5,4.5,301,2,307,8,0.7614912986755371
303.6190476190476,18.238095238095237,301,16,307,21,0.9530752301216125
302.2,45.0,301,44,305,47,0.6541025042533875
304.625,33.25,304,32,307,36,0.5196163654327393
319.48148148148147,486.8888888888889,317,484,323,490,0.8880231976509094
319.67857142857144,499.9642857142857,317,497,323,504,0.881528377532959
319.8421052631579,401.1578947368421,318,399,323,404,0.8114559650421143
320.0,429.0,318,427,323,432,0.9341765642166138
319.63157894736844,442.7894736842105,318,441,323,446,0.8288159370422363
320.125,454.3125,318,452,323,457,0.8377426862716675
321.45,249.1,319,247,324,252,0.8974802494049072
321.0,275.0,319,273,324,278,0.9372420310974121
321.0,303.0,319,301,324,306,0.8435547947883606
320.57142857142856,327.51428571428573,319,323,324,333,0.5388562679290771
320.7,371.9,319,370,324,375,0.9133307933807373
320.26666666666665,413.3333333333333,319,411,323,416,0.7499917149543762
319.9166666666667,474.8333333333333,319,473,322,478,0.7333461046218872
322.27272727272725,204.5,320,202,325,208,0.8780584335327148
322.0,217.5,320,216,325,220,0.8726989030838013
321.8421052631579,227.1578947368421,320,225,325,230,0.9183336496353149
321.5882352941176,237.88235294117646,320,236,324,241,0.7395293712615967
322.0,262.0,320,260,325,265,0.9573264718055725
321.5,288.77777777777777,320,287,324,292,0.8331212997436523
321.5882352941176,346.70588235294116,320,345,324,350,0.7473529577255249
321.5,360.22222222222223,320,358,324,363,0.9134756922721863
321.2,388.5,320,387,323,391,0.6970123052597046
321.0833333333333,464.1666666666667,320,462,323,467,0.7780986428260803
322.6666666666667,189.14285714285714,321,187,326,192,0.9041221141815186
323.5,68.63636363636364,322,62,326,77,0.2779756486415863
323.875,131.66666666666666,322,129,327,135,0.8743535876274109
322.94117647058823,147.35294117647058,322,145,325,151,0.5412676334381104
323.5,162.77777777777777,322,161,326,166,0.7944561839103699
323.8095238095238,176.14285714285714,322,174,327,179,0.9208787679672241
326.1666666666667,17.833333333333332,325,17,328,20,0.544169545173645
343.125,411.6666666666667,341,409,346,415,0.8677926063537598
343.15,442.7,341,440,346,446,0.8559653759002686
343.05,486.1,341,484,346,489,0.9286705851554871
344.60869565217394,217.52173913043478,342,215,348,221,0.7728692293167114
344.14285714285717,330.1904761904762,342,328,347,333,0.8622787594795227
343.52941176470586,358.6470588235294,342,357,346,362,0.8423718810081482
343.625,371.75,342,370,346,375,0.8846861124038696
343.5,399.22222222222223,342,397,346,402,0.8530914783477783
343.3333333333333,429.5,342,428,346,432,0.4761032462120056
343.5882352941176,455.11764705882354,342,453,346,458,0.8686782121658325
343.8421052631579,498.1578947368421,342,496,347,501,0.8857625722885132
345.4230769230769,176.84615384615384,343,174,349,180,0.9376943707466125
344.65384615384613,263.7307692307692,343,260,347,269,0.4459610879421234
344.5263157894737,274.36842105263156,343,272,347,278,0.7428125143051147
344.9583333333333,288.6666666666667,343,286,348,292,0.8928287029266357
344.64285714285717,302.2142857142857,343,300,347,305,0.628797709941864
344.11764705882354,316.2352941176471,343,314,347,320,0.6492011547088623
344.4117647058824,344.11764705882354,343,342,347,347,0.7181795835494995
344.4117647058824,384.11764705882354,343,382,347,387,0.7864032983779907
344.0,470.0,343,465,346,476,0.33176833391189575
346.44444444444446,103.11111111111111,344,101,349,106,0.7930490970611572
346.25,159.75,344,158,349,163,0.8725069761276245
345.86206896551727,192.0,344,189,349,196,0.8454030156135559
345.6470588235294,200.58823529411765,344,198,348,204,0.7229845523834229
345.5,232.77777777777777,344,231,348,236,0.8865306377410889
345.6190476190476,247.0952380952381,344,244,348,251,0.8503998517990112
346.7647058823529,117.23529411764706,345,115,350,120,0.9046085476875305
346.5,136.0,345,134,349,139,0.7449551820755005
346.9,146.95,345,145,350,150,0.8535284996032715
347.7857142857143,16.357142857142858,346,15,351,19,0.6299713850021362
347.61538461538464,68.61538461538461,346,67,350,71,0.770458459854126
348.38461538461536,28.384615384615383,347,27,351,31,0.7698899507522583
365.875,385.0,364,383,368,388,0.5638536214828491
366.0,414.8636363636364,364,412,369,418,0.9139629006385803
366.0,427.2916666666667,364,425,369,431,0.8200796842575073
367.15,345.3,365,343,370,349,0.7758777737617493
367.0833333333333,370.2916666666667,365,367,370,374,0.7757962942123413
366.9130434782609,399.7826086956522,365,397,370,403,0.8977294564247131
366.6111111111111,443.72222222222223,365,441,369,447,0.7218743562698364
366.625,457.125,365,454,369,461,0.6871384382247925
366.4347826086956,470.9130434782609,365,468,369,475,0.7639116048812866
366.72222222222223,485.8888888888889,365,484,370,489,0.8572046160697937
367.3125,496.875,365,495,370,500,0.892241358757019
368.1363636363636,176.6818181818182,366,174,371,180,0.8728867769241333
367.6818181818182,243.63636363636363,366,241,371,247,0.8165942430496216
367.7647058823529,260.94117647058823,366,259,370,264,0.6890149116516113
368.0,273.0,366,271,371,276,0.9106898903846741
367.5,285.0,366,283,370,288,0.7677169442176819
367.6666666666667,317.0,366,315,370,320,0.8897532224655151
367.42857142857144,330.3809523809524,366,328,370,334,0.7670202255249023
367.38461538461536,356.61538461538464,366,355,370,359,0.7345520257949829
368.8421052631579,118.15789473684211,367,116,372,121,0.718339204788208
368.95652173913044,147.2173913043478,367,144,372,151,0.7418093681335449
368.57894736842104,189.10526315789474,367,187,371,192,0.8996483683586121
368.4117647058824,216.88235294117646,367,215,371,220,0.6866482496261597
368.8181818181818,229.27272727272728,367,227,372,233,0.9274004697799683
368.4117647058824,306.88235294117646,367,305,371,310,0.5496127605438232
369.2857142857143,135.5,368,134,372,138,0.7071453332901001
369.5,154.5,368,152,372,158,0.7401474714279175
369.4,201.06666666666666,368,199,372,204,0.7260944843292236
370.6,43.4,369,42,373,46,0.7425985336303711
370.4117647058824,93.11764705882354,369,91,373,96,0.8425139784812927
370.5,105.5,369,104,373,108,0.69553542137146
370.7142857142857,34.0,370,33,373,36,0.3952179551124573
371.0,80.5,370,79,373,83,0.5318726897239685
389.55555555555554,423.8888888888889,388,421,392,428,0.5017644166946411
390.17391304347825,452.04347826086956,388,449,393,456,0.7522687911987305
390.46666666666664,243.86666666666667,389,242,393,247,0.8438073396682739
390.84615384615387,287.53846153846155,389,286,393,290,0.8051674365997314
391.0,300.0,389,298,394,303,0.8902334570884705
390.5,313.5,389,311,393,317,0.685350775718689
391.1764705882353,325.2352941176471,389,323,394,328,0.8234785199165344
390.8125,339.8125,389,338,393,343,0.8154894709587097
391.0869565217391,353.04347826086956,389,351,394,357,0.7692553400993347
390.5882352941176,368.11764705882354,389,366,393,371,0.7428435683250427
390.5,381.5,389,379,393,385,0.8925268054008484
390.5,395.0,389,393,393,398,0.7078653573989868
390.57142857142856,440.0,389,438,393,443,0.8873339295387268
390.0,462.5,389,461,392,465,0.6699105501174927
390.7,482.9,389,481,394,486,0.9090995192527771
390.5,496.0,389,494,393,499,0.8832573890686035
391.47058823529414,130.35294117647058,390,128,394,133,0.7754888534545898
391.875,144.33333333333334,390,142,395,148,0.841159999370575
391.61538461538464,184.3846153846154,390,183,394,187,0.7572575807571411
391.0,255.8181818181818,390,252,393,260,0.7229292392730713
391.3333333333333,266.8888888888889,390,266,394,269,0.5880933403968811
391.53846153846155,274.38461538461536,390,273,394,277,0.396028608083725
393.0869565217391,118.95652173913044,391,116,396,122,0.9056753516197205
392.2,171.5,391,170,394,174,0.47542744874954224
392.8333333333333,206.0,391,204,395,209,0.6135601997375488
393.53333333333336,63.86666666666667,392,62,396,67,0.4007931053638458
393.5,74.28571428571429,392,73,396,77,0.5135264992713928
393.5882352941176,92.11764705882354,392,90,396,95,0.6293598413467407
392.92857142857144,220.14285714285714,392,218,395,223,0.40452054142951965
395.1111111111111,14.666666666666666,394,13,397,17,0.41785070300102234
413.60714285714283,251.28571428571428,411,248,417,255,0.7482078075408936
412.8,380.0,411,379,415,382,0.544487714767456
413.15,395.7,411,393,416,399,0.5530040860176086
413.0,412.59090909090907,411,410,416,416,0.7786478400230408
412.9,437.05,411,435,416,440,0.6405575275421143
413.0,452.0,411,450,416,455,0.9008480906486511
413.27777777777777,495.1111111111111,411,493,416,498,0.869419515132904
414.11538461538464,158.15384615384616,412,156,417,162,0.7556803226470947
414.15,280.7,412,278,417,284,0.7706961035728455
414.1666666666667,296.72222222222223,412,292,418,302,0.5488938689231873
413.55882352941177,368.7352941176471,412,364,416,374,0.5124685764312744
413.0,425.5,412,424,415,428,0.633999764919281
413.3333333333333,469.0,412,467,416,472,0.8297522664070129
413.5882352941176,483.11764705882354,412,481,416,486,0.8478831648826599
414.625,92.25,413,90,417,95,0.69679194688797
415.45454545454544,128.13636363636363,413,126,419,131,0.8496660590171814
414.5,228.0,413,226,417,231,0.5320533514022827
414.09090909090907,267.6363636363636,413,266,416,270,0.634583592414856
414.5,307.7142857142857,413,306,417,310,0.41774681210517883
414.77777777777777,330.0925925925926,413,323,418,339,0.5973530411720276
414.6842105263158,350.8421052631579,413,348,417,354,0.7399787902832031
416.0,104.21052631578948,414,102,419,107,0.7636196613311768
415.8421052631579,115.84210526315789,414,114,419,119,0.7743352651596069
415.72727272727275,140.04545454545453,414,138,419,143,0.9272074103355408
416.09090909090907,74.63636363636364,415,73,418,77,0.49955451488494873
416.5,186.28571428571428,415,185,419,189,0.6865882873535156
416.4117647058824,197.11764705882354,415,195,419,200,0.5157690048217773
416.8888888888889,35.333333333333336,416,34,419,38,0.659142255783081
417.1818181818182,50.18181818181818,416,49,420,53,0.6009348034858704
417.38461538461536,61.61538461538461,416,60,420,64,0.6488285064697266
419.15384615384613,14.0,418,12,421,17,0.5998049974441528
436.6666666666667,255.67567567567568,432,245,441,266,0.48600006103515625
435.76190476190476,412.6190476190476,434,410,439,416,0.7733185291290283
435.9047619047619,437.1904761904762,434,435,439,441,0.8703243136405945
436.3529411764706,452.0,434,450,439,455,0.8098406791687012
436.85714285714283,173.5,435,171,440,177,0.789791464805603
437.55172413793105,276.8965517241379,435,274,441,281,0.8802437782287598
436.6111111111111,353.72222222222223,435,351,439,357,0.809546709060669
437.0,364.3529411764706,435,362,440,367,0.8201219439506531
436.2857142857143,377.0,435,375,439,380,0.5857425928115845
436.15384615384613,389.0,435,387,438,392,0.5466259717941284
436.2857142857143,399.5,435,398,439,402,0.7566295862197876
436.5882352941176,425.11764705882354,435,423,439,428,0.837715208530426
436.9,466.95,435,465,440,470,0.8822298049926758
437.27777777777777,481.1111111111111,435,479,440,484,0.9193390607833862
438.5,26.5,436,25,442,29,0.5274887681007385
438.2368421052632,207.10526315789474,436,203,442,212,0.6344107389450073
437.0,227.5,436,226,439,230,0.3890831768512726
437.6666666666667,295.43333333333334,436,291,440,300,0.8434430956840515
437.9,337.05,436,335,441,340,0.8556333780288696
436.8888888888889,493.6666666666667,436,492,439,496,0.5620629787445068
438.0,58.5,437,57,440,61,0.7215267419815063
437.9166666666667,322.8333333333333,437,321,440,326,0.5721036195755005
439.64285714285717,99.21428571428571,438,97,442,102,0.7096021771430969
439.1111111111111,127.33333333333333,438,126,441,130,0.6622733473777771
440.6666666666667,72.88888888888889,439,72,443,75,0.5579125285148621
440.2857142857143,114.0,439,113,442,116,0.39535051584243774
440.0,136.5,439,135,442,139,0.6339412927627563
458.2105263157895,465.36842105263156,456,463,461,468,0.887787401676178
460.8141592920354,351.6991150442478,457,337,466,366,0.30226650834083557
459.0769230769231,407.7846153846154,457,398,462,418,0.33295589685440063
458.4117647058824,425.11764705882354,457,423,461,428,0.8353236317634583
458.5,437.77777777777777,457,436,461,441,0.8772334456443787
459.15,451.7,457,449,462,455,0.919804036617279
459.1904761904762,479.85714285714283,457,478,462,483,0.9305917024612427
458.61538461538464,491.61538461538464,457,490,461,494,0.6225628852844238
459.70588235294116,316.3529411764706,458,314,462,320,0.782405436038971
459.93939393939394,327.42424242424244,458,324,463,332,0.865021824836731
461.43333333333334,121.3,459,118,465,126,0.6124809384346008
460.9,173.05,459,171,464,176,0.9173581004142761
460.53333333333336,222.13333333333333,459,220,463,225,0.7944897413253784
460.6666666666667,235.66666666666666,459,234,464,239,0.8988264203071594
460.5,247.5,459,246,463,250,0.7514615058898926
461.125,260.0625,459,258,464,263,0.7923271656036377
460.30434782608694,278.0,459,275,463,282,0.5915201902389526
461.1578947368421,291.8421052631579,459,290,464,295,0.8860771059989929
460.7,303.9,459,302,464,307,0.8903241157531738
460.57142857142856,376.9047619047619,459,374,463,381,0.8537871837615967
460.3888888888889,389.72222222222223,459,387,463,393,0.6920359134674072
462.27272727272725,146.5,460,144,465,150,0.8972414135932922
461.4117647058824,161.88235294117646,460,160,464,165,0.6214472055435181
462.5,134.0,461,132,465,137,0.7763770818710327
463.6,15.4,462,14,466,18,0.8406655788421631
463.68,40.08,462,37,466,44,0.6863871812820435
464.3333333333333,5.0,463,3,467,8,0.48502641916275024
464.26666666666665,57.666666666666664,463,56,467,61,0.7902579307556152
481.1578947368421,484.8421052631579,479,483,484,488,0.8459982872009277
481.0,439.5,480,438,483,442,0.43159544467926025
481.64285714285717,449.7857142857143,480,448,484,453,0.6800411939620972
482.95454545454544,304.6818181818182,481,302,486,308,0.9252870678901672
483.0,318.0,481,316,486,321,0.922356128692627
483.5,373.70588235294116,481,371,487,378,0.8577346801757812
482.85714285714283,405.07142857142856,481,403,485,408,0.6134065389633179
482.3,428.7,481,427,485,431,0.5620937943458557
483.4117647058824,260.11764705882354,482,258,486,263,0.8376063108444214
483.7826086956522,275.60869565217394,482,273,487,279,0.884675145149231
483.07142857142856,290.14285714285717,482,288,485,293,0.692328691482544
483.64285714285717,330.7857142857143,482,329,486,334,0.7969734072685242
483.42857142857144,344.3809523809524,482,342,486,348,0.8505675196647644
484.05,358.9,482,357,487,362,0.8494593501091003
483.53333333333336,385.8666666666667,482,384,486,389,0.7190357446670532
483.38461538461536,416.61538461538464,482,415,486,419,0.700249969959259
485.8867924528302,131.47169811320754,483,127,490,137,0.8113372325897217
485.39130434782606,218.04347826086956,483,216,489,221,0.9056810140609741
484.2,246.5,483,245,486,249,0.5316134691238403
486.5,109.23076923076923,484,107,490,113,0.7967391610145569
485.6363636363636,148.45454545454547,484,147,488,151,0.6592523455619812
485.09090909090907,175.36363636363637,484,174,487,178,0.7427874803543091
484.8333333333333,188.83333333333334,484,188,487,191,0.5153024792671204
485.47058823529414,202.64705882352942,484,201,488,206,0.7498235702514648
485.5,230.5,484,228,488,234,0.8612118363380432
487.1111111111111,43.333333333333336,486,42,489,46,0.6187396049499512
487.0,96.5,486,95,489,99,0.46334168314933777
488.125,57.875,487,57,490,60,0.4239838123321533
488.0,85.5,487,84,490,88,0.5293777585029602
504.3,504.7,503,503,507,507,0.5002830028533936
506.0,342.0,504,340,509,345,0.909768283367157
506.0,386.5,504,384,509,390,0.8134135007858276
505.84615384615387,398.53846153846155,504,397,508,401,0.6741596460342407
507.0,119.5,505,118,510,122,0.764762282371521
507.36842105263156,257.2631578947368,505,255,510,260,0.788406491279602
506.5,273.5,505,272,509,276,0.5332213640213013
506.64285714285717,285.7857142857143,505,284,509,289,0.7862957715988159
506.85,300.25,505,298,510,303,0.9262293577194214
507.2,314.76,505,312,510,318,0.9352204203605652
507.0,330.0,505,328,510,333,0.9594685435295105
507.09090909090907,373.09090909090907,505,371,510,376,0.9001383185386658
507.2352941176471,144.05882352941177,506,142,510,147,0.836559534072876
507.8421052631579,187.1578947368421,506,185,511,190,0.8349038362503052
507.0,200.2,506,199,509,203,0.7029756903648376
507.8333333333333,228.0,506,226,510,231,0.6645413637161255
507.5,242.5,506,241,510,245,0.6489790678024292
507.0,358.8,506,357,509,361,0.7695606350898743
508.0,159.5,507,156,510,164,0.5066944360733032
508.57894736842104,172.10526315789474,507,170,511,175,0.8486545085906982
508.2,215.86666666666667,507,214,511,219,0.7835198640823364
510.1,99.2,509,98,512,102,0.41932007670402527
511.0,31.0,511,29,512,34,0.4972625970840454
511.0,135.0,511,134,512,137,0.43263354897499084
