24.5609756097561,309.739837398374,19,303,31,317,0.9999988079071045
25.895833333333332,270.3125,20,263,33,278,0.99994957447052
28.536363636363635,7.745454545454545,21,0,37,17,0.9913908243179321
26.975609756097562,105.58536585365853,21,100,34,112,0.9996628761291504
27.75925925925926,146.69135802469137,21,140,36,154,0.9999781847000122
26.934640522875817,187.52287581699346,21,180,34,196,0.9827778935432434
26.98780487804878,209.109756097561,21,201,34,218,0.9995725750923157
27.690322580645162,229.70322580645163,21,223,35,237,0.999840497970581
27.465753424657535,249.53424657534248,21,243,34,257,0.9999641180038452
26.56779661016949,290.6186440677966,21,285,33,297,0.9999428987503052
25.872340425531913,329.0531914893617,21,324,32,335,0.9999747276306152
26.37272727272727,347.3454545454546,21,341,33,354,0.9999160766601562
26.205607476635514,388.7289719626168,21,383,32,395,0.9999966621398926
27.483333333333334,64.48333333333333,22,59,34,71,0.9998317956924438
28.187919463087248,85.30872483221476,22,79,36,92,0.9999700784683228
27.947712418300654,125.2875816993464,22,119,36,133,0.9997729659080505
27.504065040650406,166.9349593495935,22,161,34,174,0.9997944235801697
26.827956989247312,407.9139784946237,22,403,33,414,0.9999969005584717
28.02,28.78,23,23,34,36,0.9049974679946899
28.363636363636363,45.77777777777778,23,41,35,52,0.9967413544654846
27.933962264150942,367.45283018867923,23,362,34,374,0.9999983310699463
27.808988764044944,427.7752808988764,23,423,34,434,0.9999958276748657
29.483870967741936,446.8709677419355,25,442,35,453,0.999940037727356
29.941176470588236,464.02941176470586,26,460,35,469,0.9984550476074219
30.561643835616437,483.52054794520546,26,479,36,489,0.9995015859603882
29.977777777777778,503.7111111111111,26,498,35,511,0.995205819606781
58.28346456692913,125.79527559055119,52,120,66,133,0.9998928308486938
59.33793103448276,145.5448275862069,53,139,66,153,0.9998941421508789
58.34615384615385,166.8846153846154,53,161,65,173,0.9999889135360718
58.425,187.94166666666666,53,182,65,195,0.9999878406524658
58.205128205128204,227.3846153846154,53,222,65,234,0.9999994039535522
60.11888111888112,9.867132867132867,54,3,68,17,0.9920204281806946
58.48148148148148,32.76543209876543,54,28,64,39,0.998365581035614
59.166666666666664,49.333333333333336,54,45,65,55,0.9941390752792358
59.15966386554622,85.90756302521008,54,80,66,93,0.999984622001648
59.44827586206897,106.30172413793103,54,101,66,113,0.9998492002487183
59.544642857142854,207.45535714285714,54,202,66,214,0.9999868869781494
59.0,247.68867924528303,54,242,65,254,0.9999799728393555
60.26623376623377,306.4155844155844,54,299,67,314,0.9999535083770752
60.582857142857144,327.98857142857145,54,321,68,336,0.9998780488967896
60.58730158730159,348.5238095238095,54,343,68,355,0.9999529123306274
59.505376344086024,66.6774193548387,55,61,65,73,0.9981216788291931
59.9646017699115,267.13274336283183,55,261,66,274,0.9999598264694214
60.58461538461538,287.04615384615386,55,281,68,294,0.9997978806495667
60.51968503937008,367.0472440944882,55,361,67,374,0.9999356269836426
60.83606557377049,388.2950819672131,55,382,67,395,0.9998792409896851
59.95744680851064,409.0851063829787,55,404,66,415,0.9990864992141724
62.81188118811881,457.76237623762376,56,449,71,468,0.9356334805488586
61.742574257425744,431.61386138613864,57,426,67,438,0.9831901788711548
63.578947368421055,497.7157894736842,59,492,69,504,0.9761040806770325
66.0,483.27272727272725,64,480,69,487,0.5193130373954773
93.30569948186529,43.637305699481864,86,36,102,52,0.9991206526756287
91.94805194805195,225.77272727272728,86,219,99,234,0.9999809265136719
91.4812030075188,286.57142857142856,86,280,98,295,0.9999058246612549
93.22222222222223,20.77037037037037,87,15,100,28,0.9990414977073669
92.87878787878788,85.49242424242425,87,79,100,93,0.9999362230300903
92.89473684210526,106.07894736842105,87,101,100,113,0.9997547268867493
92.77064220183486,126.53211009174312,87,121,99,133,0.9999524354934692
93.57668711656441,166.14110429447854,87,159,101,174,0.9999822378158569
92.6260162601626,246.66666666666666,87,241,99,254,0.9999850988388062
93.2,145.74166666666667,88,140,100,153,0.9999138116836548
93.7719298245614,186.9561403508772,88,181,100,194,0.9996463060379028
93.07476635514018,206.07476635514018,88,200,99,213,0.9986122846603394
93.40517241379311,266.4051724137931,88,261,100,273,0.999940037727356
93.5546218487395,307.00840336134456,88,301,100,314,0.9605582356452942
93.54901960784314,327.1372549019608,88,322,100,333,0.9995924830436707
95.17894736842105,4.431578947368421,89,0,101,12,0.8584873080253601
93.86666666666666,387.46666666666664,89,382,100,394,0.999916672706604
94.2,407.31,89,402,100,414,0.9999874830245972
94.92592592592592,66.28395061728395,90,61,101,72,0.9885967373847961
94.70786516853933,347.12359550561797,90,342,100,353,0.9995502829551697
94.6025641025641,368.53846153846155,90,364,100,375,0.995033860206604
94.94680851063829,427.02127659574467,90,422,101,433,0.9999991655349731
96.09375,446.8125,91,442,102,453,0.9999980926513672
95.84615384615384,465.68131868131866,91,461,102,472,0.9999954700469971
95.90196078431373,485.3529411764706,91,480,102,492,0.9999985694885254
96.26666666666667,504.6952380952381,91,499,102,511,0.9997206330299377
124.5904761904762,244.88571428571427,119,239,131,251,0.999964714050293
125.975,8.1,120,1,134,16,0.994937539100647
125.01834862385321,28.568807339449542,120,23,131,35,0.9997259974479675
125.12871287128714,104.18811881188118,120,99,132,110,0.9998549222946167
125.36842105263158,184.64912280701753,120,179,132,192,0.9999895095825195
125.49056603773585,224.18867924528303,120,219,132,231,0.9999760389328003
125.15384615384616,284.0673076923077,120,279,131,291,0.9994774460792542
126.1470588235294,85.53921568627452,121,80,132,92,0.9997988343238831
125.87368421052632,123.28421052631579,121,118,132,130,0.9999980926513672
126.41666666666667,165.25925925925927,121,160,133,172,0.9999655485153198
126.35652173913043,204.41739130434783,121,199,133,211,0.9998064637184143
125.6829268292683,264.3048780487805,121,259,131,270,0.9999780654907227
126.18888888888888,304.31111111111113,121,299,132,310,0.9999804496765137
126.86440677966101,324.04237288135596,121,318,134,330,0.9999415874481201
127.55208333333333,47.541666666666664,122,42,134,54,0.9999371767044067
127.4392523364486,67.28971962616822,122,62,134,74,0.9995701909065247
127.01980198019803,143.44554455445544,122,138,133,150,0.9999631643295288
126.98989898989899,344.27272727272725,122,339,133,351,0.9999920129776001
126.71844660194175,364.20388349514565,122,359,133,371,0.9999771118164062
127.50943396226415,384.3867924528302,122,379,134,391,0.9999903440475464
128.39814814814815,404.1111111111111,123,399,135,411,0.999987006187439
128.4375,422.17857142857144,123,417,135,429,0.999991774559021
128.72072072072072,442.15315315315314,123,436,135,449,0.999982476234436
129.51612903225808,461.44086021505376,125,456,135,468,0.9999983310699463
129.9351851851852,479.4074074074074,125,474,136,486,0.9999278783798218
129.83653846153845,498.5,125,493,136,505,0.9999098777770996
130.6,509.6,129,508,133,512,0.337155818939209
156.2125,55.425,152,51,162,61,0.9834928512573242
158.8,123.70967741935483,152,117,166,132,0.9998724460601807
157.67889908256882,144.13761467889907,152,139,164,151,0.9999790191650391
158.03546099290782,223.87234042553192,152,217,165,231,0.9998120665550232
157.54545454545453,323.59090909090907,152,318,164,330,0.9999953508377075
157.89320388349515,185.10679611650485,153,180,164,192,0.9999924898147583
158.45299145299145,242.6153846153846,153,237,165,249,0.9977750182151794
158.57246376811594,262.2826086956522,153,255,165,270,0.9996896982192993
158.18691588785046,282.4485981308411,153,277,165,289,0.9999840259552002
158.20224719101122,302.65168539325845,153,297,164,309,0.9999971389770508
158.51818181818183,343.94545454545454,153,338,165,351,0.9999921321868896
158.39316239316238,363.1794871794872,153,357,165,370,0.9999730587005615
158.58407079646017,383.86725663716817,153,378,165,391,0.999947190284729
157.94117647058823,401.6235294117647,153,397,164,407,0.9999333620071411
158.80208333333334,85.5,154,80,165,92,0.9138007760047913
159.38,164.37,154,159,166,171,0.9999793767929077
159.75,204.7037037037037,154,199,166,211,0.9998183846473694
161.57386363636363,19.136363636363637,155,12,169,27,0.9950271248817444
159.05084745762713,104.89830508474576,155,101,164,110,0.9201581478118896
159.83516483516485,422.1098901098901,155,417,166,428,0.9999876022338867
160.3298969072165,462.0103092783505,155,457,166,468,0.9999599456787109
160.55434782608697,442.7282608695652,156,438,166,449,0.999969482421875
160.88297872340425,483.21276595744683,156,478,167,490,0.999994158744812
159.5,42.125,157,41,163,44,0.4983595907688141
161.7127659574468,503.63829787234044,157,498,167,510,0.9971984624862671
187.82,23.46,183,21,193,28,0.7131691575050354
190.125,85.47115384615384,185,80,196,92,0.9976071119308472
190.0632911392405,182.37974683544303,185,178,196,188,0.999291181564331
190.27272727272728,260.47727272727275,185,256,196,266,0.9996302127838135
190.21212121212122,280.44444444444446,185,275,196,287,0.9999382495880127
190.32222222222222,342.53333333333336,185,338,196,349,0.9999884366989136
191.35454545454544,65.5909090909091,186,60,198,72,0.9996854066848755
190.84,144.27,186,139,197,151,0.9873266816139221
190.92045454545453,162.5909090909091,186,158,197,168,0.990510880947113
190.35365853658536,201.0,186,196,196,207,0.9999642372131348
190.17142857142858,219.92857142857142,186,216,196,225,0.9999767541885376
190.97674418604652,301.3837209302326,186,297,197,307,0.9999198913574219
190.62886597938143,321.44329896907215,186,316,197,328,0.9999864101409912
191.07,362.31,186,357,197,369,0.9999653100967407
190.91304347826087,382.44347826086954,186,377,197,390,0.999923586845398
191.47058823529412,403.4957983193277,186,397,198,411,0.9999587535858154
191.1014492753623,46.05797101449275,187,42,197,51,0.9764977693557739
191.70526315789473,123.2421052631579,187,118,197,130,0.9958934783935547
191.65934065934067,241.02197802197801,187,236,197,247,0.999258816242218
192.5,424.2358490566038,187,419,199,431,0.9999560117721558
192.83870967741936,444.4032258064516,187,438,200,451,0.9999620914459229
192.2212389380531,463.3008849557522,187,458,199,470,0.9999892711639404
192.09375,101.96875,188,99,196,105,0.73654705286026
192.92156862745097,481.6764705882353,188,476,199,488,0.9998425245285034
194.55769230769232,502.27884615384613,190,496,200,509,0.9897779822349548
221.9625,239.325,217,235,228,245,0.9646028876304626
223.22619047619048,62.45238095238095,218,58,229,68,0.9999228715896606
224.43333333333334,138.00666666666666,218,131,232,146,0.9870721697807312
221.90140845070422,179.33802816901408,218,175,227,185,0.9841841459274292
220.78571428571428,215.85714285714286,218,215,224,218,0.49934056401252747
222.71875,258.4166666666667,218,253,228,265,0.9983172416687012
223.35294117647058,2.176470588235294,219,0,229,7,0.9899110198020935
223.50746268656715,23.388059701492537,219,19,229,28,0.9989700317382812
223.5056179775281,83.48314606741573,219,78,229,90,0.997455894947052
224.04494382022472,277.7191011235955,219,273,230,283,0.9950559139251709
224.6267605633803,299.49295774647885,219,292,231,308,0.9411518573760986
225.2,43.225,220,39,231,49,0.9982341527938843
224.17460317460316,199.14285714285714,220,194,229,205,0.5398333072662354
225.5185185185185,361.72222222222223,220,356,232,368,0.999975323677063
224.98936170212767,382.1808510638298,220,377,231,389,0.9999657869338989
225.07368421052632,403.2421052631579,220,398,231,409,0.9999538660049438
224.90721649484536,422.6701030927835,220,417,231,429,0.9996910095214844
224.5344827586207,158.93103448275863,221,155,230,164,0.537950873374939
225.025,325.875,221,323,229,330,0.9033357501029968
225.1888888888889,342.5111111111111,221,337,231,349,0.977546751499176
226.21100917431193,442.5963302752294,221,437,233,449,0.9997987151145935
226.07,460.6,221,455,232,467,0.999975323677063
227.90526315789472,479.77894736842103,223,475,234,486,0.9999575614929199
228.54263565891472,498.6821705426357,223,492,235,506,0.9979378581047058
227.71428571428572,111.79591836734694,224,108,233,116,0.2492653876543045
252.3846153846154,139.12820512820514,248,135,258,145,0.9995808005332947
253.69736842105263,157.60526315789474,249,153,259,163,0.9999293088912964
256.16190476190474,97.39047619047619,250,92,264,103,0.9643327593803406
255.10309278350516,118.21649484536083,250,113,261,124,0.9882871508598328
254.8673469387755,178.18367346938774,250,173,261,184,0.9998311996459961
254.4111111111111,199.82222222222222,250,195,260,206,0.9999567270278931
254.94117647058823,218.68627450980392,250,213,261,225,0.9999134540557861
255.8,279.57,250,274,262,286,0.9988032579421997
255.82407407407408,298.8611111111111,250,294,262,305,0.9996744394302368
255.20238095238096,317.75,250,313,261,323,0.9998145699501038
255.15384615384616,337.43956043956047,250,332,261,343,0.9993077516555786
256.04,22.253333333333334,251,18,262,28,0.9997871518135071
256.0843373493976,41.602409638554214,251,37,262,48,0.9994425177574158
256.11206896551727,239.93965517241378,251,234,263,247,0.999782383441925
255.93,260.31,251,255,262,267,0.9999918937683105
255.86021505376345,360.2795698924731,251,355,262,366,0.9962300658226013
256.0,417.2371134020619,251,412,262,423,0.9998371601104736
256.30120481927713,436.2530120481928,251,432,262,442,0.9958855509757996
256.22641509433964,61.60377358490566,252,58,262,66,0.8221235871315002
256.5274725274725,378.7912087912088,252,374,262,385,0.9983974099159241
257.25,2.6346153846153846,253,0,262,8,0.8772391080856323
257.3956043956044,398.75824175824175,253,394,263,405,0.9994369149208069
258.60526315789474,454.62280701754383,253,449,265,461,0.984347939491272
257.8878504672897,476.2710280373832,253,471,264,483,0.9989227652549744
254.88888888888889,82.66666666666667,254,81,257,85,0.3712293207645416
259.7867647058824,496.30882352941177,254,490,267,504,0.9992145299911499
286.65,197.96,281,193,293,204,0.9986836314201355
286.89247311827955,22.010752688172044,282,17,293,28,0.9998284578323364
287.4757281553398,42.04854368932039,282,37,294,48,0.9996781349182129
287.13461538461536,62.5,282,57,293,69,0.9996713399887085
286.8510638297872,99.92553191489361,282,95,293,106,0.9954856038093567
286.6621621621622,138.55405405405406,282,134,292,144,0.9605022668838501
287.50354609929076,176.7304964539007,282,170,295,185,0.9985281229019165
287.6,239.54285714285714,282,234,294,246,0.704223096370697
287.75,80.84210526315789,283,76,293,86,0.9916753768920898
287.5,119.13157894736842,283,115,293,125,0.9980620741844177
287.2957746478873,157.11267605633802,283,153,293,162,0.9923955202102661
286.97333333333336,217.37333333333333,283,213,292,223,0.9981414079666138
288.1686746987952,376.43373493975906,283,372,294,382,0.999988317489624
288.8796296296296,395.7962962962963,283,390,295,403,0.9997121691703796
288.7111111111111,259.68888888888887,284,255,295,266,0.9968984127044678
288.36708860759495,278.63291139240505,284,274,294,284,0.9999557733535767
288.8051948051948,298.06493506493507,284,294,294,304,0.9999431371688843
288.29411764705884,317.2,284,312,294,323,0.999895453453064
288.7525773195876,356.17525773195877,284,351,295,362,0.9999862909317017
288.5851063829787,416.9255319148936,284,412,294,423,0.9999881982803345
288.2307692307692,1.2692307692307692,285,0,293,4,0.897510826587677
289.4875,335.6,285,331,295,341,0.9997642636299133
289.81632653061223,436.8775510204082,285,432,296,443,0.9997809529304504
290.949494949495,457.4848484848485,286,452,297,464,0.9998433589935303
290.7303370786517,477.1123595505618,286,472,297,483,0.9999772310256958
292.4733727810651,500.2426035502959,286,493,300,509,0.9771533012390137
317.03333333333336,99.76666666666667,312,95,323,106,0.9988641738891602
320.15625,63.6328125,314,58,327,71,0.9979419112205505
319.2236842105263,82.63157894736842,314,78,325,88,0.9923696517944336
319.27027027027026,158.22522522522522,314,153,326,165,0.9982205033302307
319.6489361702128,177.19148936170214,314,172,326,183,0.9980940222740173
319.9076923076923,216.8846153846154,314,211,327,224,0.9996298551559448
320.47,43.44,315,38,326,50,0.9962820410728455
319.7260273972603,120.3013698630137,315,116,325,126,0.9991865754127502
319.7647058823529,138.4470588235294,315,134,326,144,0.9990192651748657
320.11650485436894,196.44660194174756,315,191,326,203,0.9999029636383057
319.68131868131866,237.47252747252747,315,232,326,244,0.9999532699584961
319.9072164948454,255.93814432989691,315,251,326,262,0.9998999834060669
320.29411764705884,276.0098039215686,315,271,327,282,0.9999867677688599
320.8018867924528,295.6698113207547,315,290,327,302,0.9997325539588928
320.4117647058824,378.5882352941176,315,374,326,384,0.9998338222503662
319.92045454545456,398.6931818181818,315,394,326,405,0.99982750415802
320.735632183908,316.9655172413793,316,312,326,323,0.9976180195808411
320.4268292682927,336.9634146341463,316,332,326,343,0.9999101161956787
321.11340206185565,358.2886597938144,316,353,327,365,0.999840497970581
320.55172413793105,418.5287356321839,316,414,326,424,0.9998676776885986
321.4,437.85333333333335,317,433,327,443,0.9964794516563416
323.5,462.2142857142857,318,458,330,468,0.8978577852249146
323.7142857142857,0.6666666666666666,319,0,329,3,0.7083432078361511
323.50847457627117,23.016949152542374,319,19,328,28,0.8907542824745178
323.94805194805195,493.8961038961039,319,490,330,499,0.7571974992752075
325.21875,475.28125,320,471,331,480,0.8092204332351685
350.1290322580645,118.31182795698925,345,113,356,124,0.9995365142822266
351.2096774193548,216.9516129032258,345,211,358,224,0.9999133348464966
351.5773195876289,100.05154639175258,346,95,358,106,0.9968022108078003
350.86315789473684,137.7263157894737,346,133,357,144,0.9993163347244263
351.91269841269843,196.68253968253967,346,191,359,204,0.9991676807403564
351.2330097087379,237.3495145631068,346,232,358,244,0.9995361566543579
351.8290598290598,257.6752136752137,346,252,359,264,0.9999836683273315
352.1181818181818,79.61818181818182,347,74,359,86,0.9995830655097961
352.504347826087,177.11304347826086,347,171,359,184,0.9992330074310303
352.3193277310924,278.21008403361344,347,272,359,285,0.999981164932251
352.54,299.14,347,294,359,305,0.9999969005584717
352.42857142857144,319.12380952380954,347,314,359,326,0.9999415874481201
352.1276595744681,338.9468085106383,347,334,358,345,0.9999881982803345
351.4878048780488,359.8780487804878,347,355,357,366,0.9999988079071045
351.9591836734694,378.9591836734694,347,374,358,385,0.9999923706054688
352.1530612244898,397.9387755102041,347,393,359,404,0.9999887943267822
352.0792079207921,417.4059405940594,347,412,358,424,0.9999927282333374
353.2368421052632,57.85087719298246,348,52,360,65,0.9997122883796692
352.7692307692308,157.27472527472528,348,152,359,163,0.9504780173301697
353.7204301075269,19.50537634408602,349,15,360,26,0.9972736239433289
353.46153846153845,38.67032967032967,349,34,359,45,0.9981222748756409
354.3490566037736,442.70754716981133,350,436,360,451,0.8699897527694702
354.5076923076923,460.95384615384614,351,456,360,466,0.7671542167663574
353.1666666666667,0.3333333333333333,352,0,356,2,0.5392163395881653
355.25,495.4166666666667,352,494,359,498,0.7742465138435364
356.88235294117646,481.1411764705882,353,475,362,487,0.8487565517425537
355.10526315789474,509.57894736842104,353,508,358,512,0.4579530358314514
386.18548387096774,138.24193548387098,380,133,393,145,0.9999195337295532
386.325,156.95833333333334,380,151,393,164,0.9999861717224121
385.2020202020202,175.9090909090909,380,171,392,182,0.9996966123580933
385.2659574468085,333.3723404255319,380,329,392,339,0.8017393350601196
386.7207792207792,396.6038961038961,380,390,394,404,0.9896330833435059
385.8818181818182,41.554545454545455,381,36,392,49,0.996130108833313
385.967032967033,77.82417582417582,381,73,392,84,0.9958470463752747
385.42857142857144,97.5,381,92,391,104,0.9964444041252136
386.3809523809524,119.17142857142858,381,114,393,126,0.999885082244873
386.46610169491527,195.3728813559322,381,190,394,202,0.9993532299995422
385.6142857142857,276.0571428571429,381,272,391,281,0.9748261570930481
387.05102040816325,313.66326530612247,381,309,394,319,0.6261960864067078
386.4078947368421,419.25657894736844,381,412,393,428,0.9797247648239136
385.6164383561644,441.0821917808219,381,437,391,446,0.9937253594398499
385.74074074074076,457.4938271604938,381,453,391,463,0.9998119473457336
385.7710843373494,476.5421686746988,381,472,392,483,0.998430073261261
386.79,214.22,382,209,393,220,0.9993426203727722
387.0183486238532,252.86238532110093,382,247,393,259,0.9179074168205261
384.7307692307692,291.38461538461536,382,289,388,295,0.7778623700141907
386.3883495145631,355.6019417475728,382,349,392,363,0.6511020064353943
387.0,21.23076923076923,383,18,392,26,0.876152753829956
388.3734939759036,233.6265060240964,384,229,394,239,0.9633293151855469
389.28125,497.515625,384,491,396,505,0.9989435076713562
387.3636363636364,372.09090909090907,386,371,390,374,0.46225959062576294
416.3960396039604,175.8910891089109,411,171,423,182,0.9997790455818176
417.6747967479675,196.8048780487805,412,191,425,204,0.9914695620536804
417.56756756756755,288.3693693693694,412,283,424,295,0.999703586101532
417.6949152542373,308.8898305084746,412,303,424,316,0.9992592930793762
418.13496932515335,356.76687116564415,412,350,425,366,0.4241979718208313
418.62702702702705,394.46486486486486,412,386,427,403,0.96929931640625
418.9423076923077,155.03846153846155,414,150,425,161,0.9986513257026672
420.81,55.03,415,50,427,61,0.7147492170333862
418.6393442622951,137.0655737704918,415,133,423,142,0.8973410725593567
420.3488372093023,214.51162790697674,415,210,426,220,0.7312653660774231
420.08870967741933,268.76612903225805,415,263,427,276,0.9848740100860596
419.65671641791045,327.97014925373134,415,324,426,333,0.9512374401092529
419.7926829268293,417.9634146341463,415,413,426,424,0.9903501868247986
419.49411764705883,439.2352941176471,415,435,426,445,0.9848360419273376
420.1684210526316,459.2736842105263,415,454,426,465,0.9996697902679443
420.81481481481484,478.31481481481484,415,473,427,485,0.9999662637710571
420.37704918032784,33.67213114754098,416,30,425,38,0.6571395397186279
421.72222222222223,499.1825396825397,417,492,428,507,0.9998589754104614
445.9139784946237,61.55913978494624,442,55,451,68,0.630966067314148
446.9655172413793,91.29310344827586,443,87,452,97,0.9425879716873169
448.8767123287671,108.41095890410959,444,104,455,114,0.9470931887626648
447.5,38.166666666666664,445,37,451,40,0.41145992279052734
451.58273381294964,315.53237410071944,445,309,459,323,0.9958041310310364
450.84090909090907,373.5568181818182,446,368,457,380,0.9318864345550537
449.23809523809524,129.38095238095238,447,127,452,133,0.5792773365974426
451.3863636363636,295.7386363636364,447,291,457,302,0.956278383731842
453.0833333333333,336.44166666666666,447,331,460,344,0.9765010476112366
451.5,353.1875,447,349,456,358,0.9156924486160278
453.17721518987344,431.9810126582278,447,425,461,440,0.9879652261734009
452.2448979591837,155.16326530612244,448,152,457,160,0.6887974739074707
452.7,221.23333333333332,448,216,458,227,0.98272705078125
453.3333333333333,413.44086021505376,448,409,460,419,0.9913542866706848
453.06060606060606,453.6868686868687,448,449,459,460,0.9847375750541687
453.60655737704917,475.0081967213115,448,469,461,481,0.9896959066390991
453.5131578947368,181.5,449,177,459,188,0.9322934746742249
452.7755102040816,243.85714285714286,449,240,457,248,0.6767212152481079
454.7972972972973,200.06756756756758,450,195,460,205,0.5980302691459656
454.6461538461538,393.26153846153846,450,389,460,399,0.8768788576126099
454.219512195122,496.0121951219512,450,491,460,502,0.9801478385925293
478.73333333333335,116.4,475,113,483,120,0.8189288973808289
481.2022471910112,54.80898876404494,476,49,486,62,0.7698125243186951
482.05833333333334,134.91666666666666,476,130,489,141,0.7862116098403931
482.1810344827586,353.41379310344826,476,348,489,360,0.9999637603759766
481.8085106382979,390.7340425531915,476,386,488,396,0.9991724491119385
482.4054054054054,174.61261261261262,477,169,489,181,0.9955869913101196
482.55238095238093,272.9809523809524,477,268,489,279,0.9999271631240845
482.7864077669903,332.56310679611653,477,327,489,339,0.9998759031295776
481.77272727272725,34.81818181818182,478,33,486,38,0.48139068484306335
483.8376068376068,253.7008547008547,478,248,491,260,0.9999111890792847
483.27659574468083,291.74468085106383,478,287,489,298,0.9999842643737793
483.38260869565215,311.5130434782609,478,306,490,318,0.9999557733535767
482.26506024096386,373.578313253012,478,369,488,379,0.9994403719902039
482.53164556962025,410.46835443037975,478,406,488,416,0.9805737137794495
482.83561643835617,430.26027397260276,478,426,488,436,0.9762046933174133
483.25,476.9404761904762,478,473,490,482,0.9916805624961853
481.0,8.782608695652174,479,6,484,12,0.6777867078781128
483.87368421052633,155.01052631578946,479,150,490,162,0.9715461134910583
484.6564885496183,195.41221374045801,479,189,491,203,0.9995483756065369
484.7857142857143,215.20535714285714,479,209,491,222,0.9993488192558289
484.34166666666664,233.78333333333333,479,228,491,241,0.9998131394386292
484.45360824742266,458.63917525773195,479,453,491,465,0.8984510898590088
483.5,17.285714285714285,482,16,486,20,0.48030903935432434
485.972602739726,495.3150684931507,482,491,491,501,0.9821560978889465
485.0833333333333,444.1666666666667,484,442,487,447,0.39281898736953735
509.8333333333333,371.9583333333333,508,368,512,376,0.7971677184104919
510.46666666666664,392.93333333333334,509,389,512,397,0.6475711464881897
510.6,433.5,510,431,512,437,0.7986333966255188
